42001005
42001010
42001011
42001015
42001017
42001021
42001022
42001024
42001025
42001026
42001034
42001036
42001039
42001043
42001049
42001056
42001072
42001080
42002002
42002004
42002005
42002006
42002008
42002009
42002013
42002015
42002021
42002022
42002026
42002029
42002032
42002033
42002034
42002036
42002037
42002039
42002040
42002043
42002044
42002051
42002052
42003016
42003018
42003021
42003023
42004001
42004002
42004004
42004014
42004016
42004024
42004025
42004031
42004037
42004042
42004043
42004044
42005010
42005015
42005016
42005023
42005025
42005027
42005029
42005033
42005034
42005036
42005037
42005039
42006005
42006006
42006008
42006012
42006017
42006018
42006021
42006023
42006025
42006026
42006027
42006029
42006034
42006035
42006036
42006037
42006039
42006042
42006043
42006046
42007006
42007008
42007009
42007011
42007012
42007018
42007019
42007020
42007023
42007024
42007028
42007031
42007041
42007042
42007043
42007047
42008003
42008005
42008010
42008013
42008014
42008016
42008017
42008018
42008019
42008023
42008024
42008025
42008027
42008029
42008031
42008038
42008039
42008042
42008049
42008050
42008051
42009004
42009008
42009010
42009017
42009019
42009023
42009026
42009027
42009029
42009033
42009034
42009036
42009039
42009041
42009042
42009043
42009044
42009045
42009052
42009057
42009059
42009061
42010001
42010007
42010009
42010011
42010012
42010013
42010014
42010016
42010024
42010030
42010035
42010038
42010039
42011005
42011007
42011008
42011009
42011013
42011014
42011016
42011017
42011018
42011021
42011022
42011024
42011026
42011027
42011029
42011030
42011031
42011032
42011034
42011035
42011036
42011038
42011039
42011040
42011045
42011050
42011051
42011053
42012001
42012002
42012004
42012007
42012008
42012009
42012018
42012019
42012020
42012023
42012024
42012025
42012026
42012027
42012028
42012031
42012035
42012038
42012039
42012040
42012045
42012046
42012048
42012049
42012050
42012052
42012054
42012056
42012058
42013001
42013002
42013003
42013004
42013006
42013008
42013011
42013018
42013022
42013025
42013027
42013029
42013032
42013033
42013035
42014006
42014008
42014010
42014012
42014019
42014020
42014022
42014026
42014028
42014029
42014031
42014032
42014034
42014035
42015001
42015002
42015007
42015011
42015015
42015017
42015019
42015020
42015021
42015025
42015029
42015030
42016001
42016002
42016003
42016004
42016005
42016007
42016008
42016009
42016010
42016011
42016012
42016013
42016017
42016022
42016025
42016026
42016027
42016028
42016031
42017002
42017004
42017010
42017011
42017012
42017014
42017016
42017017
42017018
42017022
42017024
42017025
42017026
42017027
42017028
42017030
42017031
42017034
42018001
42018005
42018007
42018008
42018009
42018010
42018011
42018014
42018015
42018019
42018021
42018022
42018025
42018030
42018031
42018034
42018035
42018037
42018039
42019004
42019005
42019009
42019011
42019013
42019016
42019018
42019020
42019026
42019027
42019028
42019029
42019030
42019033
42019036
42019044
42019047
42019048
42020011
42020012
42020013
42020017
42020018
42020028
42020029
42020032
42020036
42020038
42020040
42020045
42020047
42021001
42021003
42021006
42021009
42021010
42021011
42021012
42021016
42021020
42021021
42021023
42021024
42021025
42021031
42021032
42021036
42022002
42022010
42022015
42022016
42022018
42022019
42022024
42022027
42022028
42022032
42022034
42022037
42022039
42022040
42022044
42022045
42022047
42022050
42022051
42022054
42022058
42022059
42022060
42022061
42022065
42022068
42022069
42022071
42023002
42023005
42023008
42023012
42023015
42023026
42023031
42023032
42023034
42023035
42023039
42023040
42023042
42023049
42023053
42023056
42024004
42024006
42024008
42024009
42024010
42024012
42024013
42024014
42024015
42024017
42024019
42024021
42024022
42024023
42024024
42024026
42024028
42024029
42024031
42024032
42024033
42024035
42024036
42024040
42024041
42024044
42024049
42024050
42024051
42024052